0,0,[
0,0,A
0,0,B
0,0,C
0,0,D
0,0,R
0,0,放
0,0,大
0,0,辅
0,0,导
0,0,发
0,0,奖
0,0,a
0,0,f
0,0,j
0,0,;
4,3,a
3,2,;
0,0,d
0,0,l
6,3,森
22,1,份
0,0,反
0,0,对
8,1,s
0,0,减
0,0,负
0,0,令
0,0,矿
38,1,级
0,0,茯
0,0,苓
0,0,块
15,1,三
0,0,房
0,0,老
15,1,j
27,1,f
0,0,k
29,2,d
22,1,j
48,1,;
6,1,s
7,1,j
13,1,;
3,1,a
7,1,l
8,1,f
0,0,撒
0,0,精
0,0,灵
0,0,扥
0,0,就
0,0,；
11,2,老
6,1,j
44,1,B
82,49,k
29,2,d
22,1,j
48,1,;
6,1,s
7,1,j
13,1,;
3,1,a
7,1,l
8,1,f
82,49,A
82,49,大
82,49,j
48,1,;
6,1,s
7,1,j
13,1,;
3,1,a
7,1,l
8,1,f
82,49,A
82,49,大
82,49,j
48,1,;
6,1,s
7,1,j
13,1,;
3,1,a
7,1,l
8,1,f
82,49,A
82,49,大
82,49,j
48,1,;
6,1,s
7,1,j
13,1,;
3,1,a
7,1,l
8,1,f
82,49,A
82,49,大
82,49,j
48,1,;
6,1,s
7,1,j
13,1,;
3,1,a
7,1,l
8,1,f
82,49,A
82,49,大
82,49,j
48,1,;
6,1,s
7,1,j
13,1,;
3,1,a
7,1,l
8,1,f
82,49,A
82,49,大
82,49,j
48,1,;
6,1,s
7,1,j
13,1,;
3,1,a
7,1,l
8,1,f
82,49,A
82,49,大
82,49,j
48,1,;
6,1,s
7,1,j
13,1,;
3,1,a
7,1,l
8,1,f
82,49,A
82,49,大
82,49,j
48,1,;
6,1,s
7,1,j
13,1,;
3,1,a
7,1,l
8,1,f
82,49,A
82,49,大
82,49,j
48,1,;
6,1,s
7,1,j
13,1,;
3,1,a
7,1,l
8,1,f
82,49,A
82,49,大
82,49,j
48,1,;
6,1,s
7,1,j
13,1,;
3,1,a
7,1,l
8,1,f
82,49,A
82,49,大
82,49,j
48,1,;
6,1,s
7,1,j
13,1,;
3,1,a
7,1,l
8,1,f
82,49,A
82,49,大
82,49,j
48,1,;
6,1,s
7,1,j
13,1,;
3,1,a
7,1,l
8,1,f
82,49,A
82,49,大
82,49,j
48,1,;
6,1,s
7,1,j
13,1,;
3,1,a
7,1,l
8,1,f
82,49,A
82,49,大
82,49,j
48,1,;
6,1,s
7,1,j
13,1,;
3,1,a
7,1,l
8,1,f
82,49,A
82,49,大
82,49,j
48,1,;
6,1,s
7,1,j
13,1,;
3,1,a
7,1,l
8,1,f
82,49,A
82,49,大
82,49,j
48,1,;
6,1,s
7,1,j
13,1,;
3,1,a
7,1,l
8,1,f
82,49,A
82,49,大
82,49,j
48,1,;
6,1,s
7,1,j
13,1,;
3,1,a
7,1,l
8,1,f
82,49,A
82,49,大
82,49,j
48,1,;
6,1,s
7,1,j
13,1,;
3,1,a
7,1,l
8,1,f
82,49,A
82,49,大
82,49,j
48,1,;
6,1,s
7,1,j
13,1,;
3,1,a
7,1,l
8,1,f
82,49,A
82,49,大
82,49,j
48,1,;
6,1,s
7,1,j
13,1,;
3,1,a
7,1,l
8,1,f
82,49,A
82,49,大
82,49,j
48,1,;
6,1,s
7,1,j
13,1,;
3,1,a
7,1,l
8,1,f
82,49,A
82,49,大
82,49,j
48,1,;
6,1,s
7,1,j
13,1,;
3,1,a
7,1,l
8,1,f
82,49,A
82,49,大
82,49,j
48,1,;
6,1,s
7,1,j
13,1,;
3,1,a
7,1,l
8,1,f
82,49,A
82,49,大
82,49,j
48,1,;
6,1,s
7,1,j
13,1,;
3,1,a
7,1,l
8,1,f
82,49,A
82,49,大
82,49,j
48,1,;
6,1,s
7,1,j
13,1,;
3,1,a
7,1,l
8,1,f
82,49,A
82,49,大
82,49,j
48,1,;
6,1,s
7,1,j
13,1,;
3,1,a
7,1,l
8,1,f
82,49,A
82,49,大
82,49,j
48,1,;
6,1,s
7,1,j
13,1,;
3,1,a
7,1,l
8,1,f
82,49,A
82,49,大
82,49,j
48,1,;
6,1,s
7,1,j
13,1,;
3,1,a
7,1,l
8,1,f
82,49,A
82,49,大
82,49,j
48,1,;
6,1,s
7,1,j
13,1,;
3,1,a
7,1,l
8,1,f
82,49,A
82,49,大
82,49,j
48,1,;
6,1,s
7,1,j
13,1,;
3,1,a
7,1,l
8,1,f
82,49,A
82,49,大
82,49,j
48,1,;
6,1,s
7,1,j
13,1,;
3,1,a
7,1,l
8,1,f
82,49,A
82,49,大
82,49,j
48,1,;
6,1,s
7,1,j
13,1,;
3,1,a
7,1,l
8,1,f
82,49,A
82,49,大
82,49,j
48,1,;
6,1,s
7,1,j
13,1,;
3,1,a
7,1,l
8,1,f
82,49,A
82,49,大
82,49,j
48,1,;
6,1,s
7,1,j
13,1,;
3,1,a
7,1,l
8,1,f
82,4,A
75,49,f
75,24,就
157,49,大
82,49,a
24,1,j
32,1,a
4,2,a
3,2,;
35,1,l
6,3,森
22,1,份
82,49,老
6,1,j
44,1,B
82,49,k
29,2,d
22,1,j
48,1,;
6,1,s
7,1,j
13,1,;
3,1,a
7,1,l
8,1,f
82,49,A
82,49,大
82,49,j
48,1,;
6,1,s
7,1,j
13,1,;
3,1,a
7,1,l
8,1,f
82,11,就
7,6,]
